
==================== Walsh Matrix H_4 ====================
tensor([[ 1.,  1.,  1.,  1.],
        [ 1., -1.,  1., -1.],
        [ 1.,  1., -1., -1.],
        [ 1., -1., -1.,  1.]])

==================== Walsh Matrix H_8 ====================
tensor([[ 1.,  1.,  1.,  1.,  1.,  1.,  1.,  1.],
        [ 1., -1.,  1., -1.,  1., -1.,  1., -1.],
        [ 1.,  1., -1., -1.,  1.,  1., -1., -1.],
        [ 1., -1., -1.,  1.,  1., -1., -1.,  1.],
        [ 1.,  1.,  1.,  1., -1., -1., -1., -1.],
        [ 1., -1.,  1., -1., -1.,  1., -1.,  1.],
        [ 1.,  1., -1., -1., -1., -1.,  1.,  1.],
        [ 1., -1., -1.,  1., -1.,  1.,  1., -1.]])

==================== WalshAttention (Verbose) ====================

=== Raw Q ===
 tensor([[[ 0.3675,  0.3240, -0.0154,  0.2086, -0.1051,  0.5482, -0.6111,
          -0.3480],
         [-0.1870, -0.4632, -0.1544, -1.0067, -0.4086, -0.4193,  0.6565,
          -0.5966],
         [-0.3083,  0.1705, -0.6848, -0.5278, -0.2830,  0.0091,  0.1421,
          -0.3547],
         [ 0.7202, -0.1916,  0.6045, -0.1371,  0.7349,  0.0746, -0.6813,
           0.5144]]], grad_fn=<ViewBackward0>)

=== Raw K ===
 tensor([[[ 4.4006e-01,  3.7117e-01, -2.3205e-01,  3.5583e-01,  2.2861e-01,
           4.8531e-01,  6.5098e-01, -2.9610e-01],
         [ 7.6749e-01,  1.4552e-02, -1.9890e-02,  2.7770e-01,  1.2402e-01,
          -6.5109e-04,  1.8683e-01, -7.6885e-02],
         [ 5.1317e-01, -5.9683e-02,  2.6911e-01, -3.7649e-02,  2.0623e-01,
          -1.8164e-01,  8.3409e-01,  2.1250e-01],
         [-6.6042e-01,  8.3702e-01, -4.4425e-03,  1.2595e+00,  1.4115e+00,
           5.6695e-01, -2.7297e-01, -4.7869e-01]]], grad_fn=<ViewBackward0>)

--- FWHT Stage 0, h=1 ---
Before reshape:
 tensor([[ 0.3675,  0.3240, -0.0154,  0.2086],
        [-0.1870, -0.4632, -0.1544, -1.0067],
        [-0.3083,  0.1705, -0.6848, -0.5278],
        [ 0.7202, -0.1916,  0.6045, -0.1371],
        [-0.1051,  0.5482, -0.6111, -0.3480],
        [-0.4086, -0.4193,  0.6565, -0.5966],
        [-0.2830,  0.0091,  0.1421, -0.3547],
        [ 0.7349,  0.0746, -0.6813,  0.5144]], grad_fn=<UnsafeViewBackward0>)
After butterfly:
 tensor([[[ 0.6915,  0.0435],
         [ 0.1932, -0.2239]],

        [[-0.6502,  0.2763],
         [-1.1611,  0.8523]],

        [[-0.1379, -0.4788],
         [-1.2127, -0.1570]],

        [[ 0.5286,  0.9118],
         [ 0.4673,  0.7416]],

        [[ 0.4431, -0.6534],
         [-0.9592, -0.2631]],

        [[-0.8279,  0.0107],
         [ 0.0599,  1.2531]],

        [[-0.2740, -0.2921],
         [-0.2126,  0.4968]],

        [[ 0.8094,  0.6603],
         [-0.1669, -1.1957]]], grad_fn=<CatBackward0>)

--- FWHT Stage 1, h=2 ---
Before reshape:
 tensor([[[ 0.6915,  0.0435],
         [ 0.1932, -0.2239]],

        [[-0.6502,  0.2763],
         [-1.1611,  0.8523]],

        [[-0.1379, -0.4788],
         [-1.2127, -0.1570]],

        [[ 0.5286,  0.9118],
         [ 0.4673,  0.7416]],

        [[ 0.4431, -0.6534],
         [-0.9592, -0.2631]],

        [[-0.8279,  0.0107],
         [ 0.0599,  1.2531]],

        [[-0.2740, -0.2921],
         [-0.2126,  0.4968]],

        [[ 0.8094,  0.6603],
         [-0.1669, -1.1957]]], grad_fn=<CatBackward0>)
After butterfly:
 tensor([[[ 0.8847, -0.1804,  0.4983,  0.2674]],

        [[-1.8113,  1.1285,  0.5109, -0.5760]],

        [[-1.3505, -0.6358,  1.0748, -0.3218]],

        [[ 0.9959,  1.6534,  0.0613,  0.1702]],

        [[-0.5160, -0.9165,  1.4023, -0.3902]],

        [[-0.7680,  1.2638, -0.8877, -1.2424]],

        [[-0.4865,  0.2047, -0.0614, -0.7888]],

        [[ 0.6426, -0.5355,  0.9763,  1.8560]]], grad_fn=<CatBackward0>)

--- FWHT Stage 0, h=1 ---
Before reshape:
 tensor([[ 4.4006e-01,  3.7117e-01, -2.3205e-01,  3.5583e-01],
        [ 7.6749e-01,  1.4552e-02, -1.9890e-02,  2.7770e-01],
        [ 5.1317e-01, -5.9683e-02,  2.6911e-01, -3.7649e-02],
        [-6.6042e-01,  8.3702e-01, -4.4425e-03,  1.2595e+00],
        [ 2.2861e-01,  4.8531e-01,  6.5098e-01, -2.9610e-01],
        [ 1.2402e-01, -6.5109e-04,  1.8683e-01, -7.6885e-02],
        [ 2.0623e-01, -1.8164e-01,  8.3409e-01,  2.1250e-01],
        [ 1.4115e+00,  5.6695e-01, -2.7297e-01, -4.7869e-01]],
       grad_fn=<UnsafeViewBackward0>)
After butterfly:
 tensor([[[ 0.8112,  0.0689],
         [ 0.1238, -0.5879]],

        [[ 0.7820,  0.7529],
         [ 0.2578, -0.2976]],

        [[ 0.4535,  0.5729],
         [ 0.2315,  0.3068]],

        [[ 0.1766, -1.4974],
         [ 1.2551, -1.2639]],

        [[ 0.7139, -0.2567],
         [ 0.3549,  0.9471]],

        [[ 0.1234,  0.1247],
         [ 0.1099,  0.2637]],

        [[ 0.0246,  0.3879],
         [ 1.0466,  0.6216]],

        [[ 1.9784,  0.8445],
         [-0.7517,  0.2057]]], grad_fn=<CatBackward0>)

--- FWHT Stage 1, h=2 ---
Before reshape:
 tensor([[[ 0.8112,  0.0689],
         [ 0.1238, -0.5879]],

        [[ 0.7820,  0.7529],
         [ 0.2578, -0.2976]],

        [[ 0.4535,  0.5729],
         [ 0.2315,  0.3068]],

        [[ 0.1766, -1.4974],
         [ 1.2551, -1.2639]],

        [[ 0.7139, -0.2567],
         [ 0.3549,  0.9471]],

        [[ 0.1234,  0.1247],
         [ 0.1099,  0.2637]],

        [[ 0.0246,  0.3879],
         [ 1.0466,  0.6216]],

        [[ 1.9784,  0.8445],
         [-0.7517,  0.2057]]], grad_fn=<CatBackward0>)
After butterfly:
 tensor([[[ 0.9350, -0.5190,  0.6875,  0.6568]],

        [[ 1.0398,  0.4553,  0.5242,  1.0505]],

        [[ 0.6849,  0.8796,  0.2220,  0.2661]],

        [[ 1.4317, -2.7614, -1.0785, -0.2335]],

        [[ 1.0688,  0.6904,  0.3590, -1.2038]],

        [[ 0.2333,  0.3884,  0.0134, -0.1390]],

        [[ 1.0712,  1.0095, -1.0220, -0.2337]],

        [[ 1.2268,  1.0503,  2.7301,  0.6388]]], grad_fn=<CatBackward0>)

=== Walsh-Transformed Q ===
 tensor([[[[ 0.4424, -0.0902,  0.2491,  0.1337],
          [-0.9056,  0.5643,  0.2554, -0.2880],
          [-0.6753, -0.3179,  0.5374, -0.1609],
          [ 0.4980,  0.8267,  0.0306,  0.0851]],

         [[-0.2580, -0.4582,  0.7011, -0.1951],
          [-0.3840,  0.6319, -0.4439, -0.6212],
          [-0.2433,  0.1023, -0.0307, -0.3944],
          [ 0.3213, -0.2677,  0.4881,  0.9280]]]], grad_fn=<DivBackward0>)

=== Walsh-Transformed K ===
 tensor([[[[ 0.4675, -0.2595,  0.3437,  0.3284],
          [ 0.5199,  0.2277,  0.2621,  0.5253],
          [ 0.3425,  0.4398,  0.1110,  0.1330],
          [ 0.7158, -1.3807, -0.5392, -0.1167]],

         [[ 0.5344,  0.3452,  0.1795, -0.6019],
          [ 0.1167,  0.1942,  0.0067, -0.0695],
          [ 0.5356,  0.5047, -0.5110, -0.1169],
          [ 0.6134,  0.5251,  1.3650,  0.3194]]]], grad_fn=<DivBackward0>)
WalshAttention output shape: torch.Size([1, 4, 8])

==================== WalshTXLBlock ====================
WalshTXL output: torch.Size([1, 5, 8]) mem: torch.Size([1, 3, 8])

==================== WalshPerceiverIOStep ====================
WalshPerceiver IO output: torch.Size([1, 3, 8])

==================== Walsh-Longformer Sliding Window ====================
Walsh-Longformer output: torch.Size([10, 8])

==================== Walsh-FlashAttention-like ====================
Walsh-Flash-like output: torch.Size([12, 8])
