
     0   2025-01-02               242.525       38
     1   2025-01-03               242.038       38
     2   2025-01-06               243.669       38
     3   2025-01-07               240.894       38
     4   2025-01-08               241.381       38
     5   2025-01-10               235.563       38
     6   2025-01-13               233.127       38
     7   2025-01-14               232.013       32
     8   2025-01-15               236.578       32
     9   2025-01-16               227.020       26
    10   2025-01-17               228.731       26
    11   2025-01-21               221.430       20
    12   2025-01-22               222.614       20
    13   2025-01-23               222.445       14
    14   2025-01-24               221.570       14
    15   2025-01-27               228.611       10
    16   2025-01-28               236.966       23
    17   2025-01-29               238.060       31
    18   2025-01-30               236.299       38
    19   2025-01-31               234.718       45
    20   2025-02-03               226.771       37
    21   2025-02-04               231.535       34
    22   2025-02-05               231.207       32
    23   2025-02-06               231.953       32
    24   2025-02-07               226.393       14
    25   2025-02-10               226.662        2
    26   2025-02-11               231.611       13
    27   2025-02-12               235.842       36
    28   2025-02-13               240.482       44
    29   2025-02-14               243.539       48
    30   2025-02-18               243.409       48
    31   2025-02-19               243.807       48
    32   2025-02-20               244.763       48
    33   2025-02-21               244.484       48
    34   2025-02-24               246.028       48
    35   2025-02-25               245.968       48
    36   2025-02-26               239.317       42
    37   2025-02-27               236.270       26
    38   2025-02-28               240.791       27
    39   2025-03-03               236.997       16
    40   2025-03-04               234.906        6
    41   2025-03-05               234.717        1
    42   2025-03-06               234.309        0
    43   2025-03-07               238.033        2
    44   2025-03-10               226.493        0
    45   2025-03-11               219.882        0
    46   2025-03-12               216.038        0
    47   2025-03-13               208.770        0
    48   2025-03-14               212.564        0
    49   2025-03-17               213.071        0
    50   2025-03-18               211.767        0
    51   2025-03-19               214.306        0
    52   2025-03-20               213.171        1
    53   2025-03-21               217.323        7
    54   2025-03-24               219.772       14
    55   2025-03-25               222.779       23
    56   2025-03-26               220.569       26
    57   2025-03-27               222.879       33
    58   2025-03-28               216.954       29
    59   2025-03-31               221.166       35
    60   2025-04-01               222.221       41
    61   2025-04-02               222.918       44
    62   2025-04-03               202.308        8
    63   2025-04-04               187.563        0
    64   2025-04-07               180.673        0
    65   2025-04-08               171.672        0
    66   2025-04-09               197.987        0
    67   2025-04-10               189.594        0
    68   2025-04-11               197.290        2
    69   2025-04-14               201.641        8
    70   2025-04-15               201.263       14
    71   2025-04-16               193.427       14
    72   2025-04-17               196.125       17
    73   2025-04-21               192.322       15
    74   2025-04-22               198.873       21
    75   2025-04-23               203.712       28
    76   2025-04-24               207.466       40
    77   2025-04-25               208.372       46
    78   2025-04-28               209.228       48
    79   2025-04-29               210.293       48
    80   2025-04-30               211.578       48
    81   2025-05-01               212.394       48
    82   2025-05-02               204.459       45
    83   2025-05-05               198.027       29
    84   2025-05-06               197.649       17
    85   2025-05-07               195.398        6
    86   2025-05-08               196.633        1
    87   2025-05-09               197.668        0
    88   2025-05-12               210.150       14
    89   2025-05-13               212.284       31
    90   2025-05-14               211.686       44
    91   2025-05-15               210.809       48
    92   2025-05-16               210.619       48
    93   2025-05-19               208.147       48
    94   2025-05-20               206.232       45
    95   2025-05-21               201.477       23
    96   2025-05-22               200.749       11
    97   2025-05-23               194.678        1
    98   2025-05-27               199.603        0
    99   2025-05-28               199.812        0
   100   2025-05-29               199.343        0
   101   2025-05-30               200.241        0
   102   2025-06-02               201.088        5
   103   2025-06-03               202.653       12
   104   2025-06-04               202.205       16
   105   2025-06-05               200.021       15
   106   2025-06-06               203.301       26
   107   2025-06-09               200.839       22
   108   2025-06-10               202.055       29
   109   2025-06-11               198.177       12
   110   2025-06-12               198.596        4
   111   2025-06-13               195.854        0
   112   2025-06-16               197.818        0
   113   2025-06-17               195.046        0
   114   2025-06-18               195.984        0
   115   2025-06-20               200.390        9
   116   2025-06-23               200.889       21
   117   2025-06-24               199.692       29
   118   2025-06-25               200.949       39
   119   2025-06-26               200.390       45
   120   2025-06-27               200.470       48
   121   2025-06-30               204.548       48
   122   2025-07-01               207.190       48
   123   2025-07-02               211.795       48
   124   2025-07-03               212.902       48
   125   2025-07-07               209.313       48
   126   2025-07-08               209.373       48
   127   2025-07-09               210.499       48
   128   2025-07-10               211.766       48
   129   2025-07-11               210.519       47
   130   2025-07-14               207.987       39
   131   2025-07-15               208.476       34
   132   2025-07-16               209.522       34
   133   2025-07-17               209.383       30
   134   2025-07-18               210.539       33
   135   2025-07-21               211.835       40
   136   2025-07-22               213.750       48
   137   2025-07-23               213.500       48
   138   2025-07-24               213.111       48
   139   2025-07-25               213.231       48
   140   2025-07-28               213.401       48
   141   2025-07-29               210.629       39
   142   2025-07-30               208.416       20
   143   2025-07-31               206.940        5
   144   2025-08-01               201.766        0
   145   2025-08-04               202.733        0
   146   2025-08-05               202.304        0
   147   2025-08-06               212.603        9
   148   2025-08-07               219.362       26
   149   2025-08-08               228.654       46
   150   2025-08-11               226.748       48
   151   2025-08-12               229.213       48
   152   2025-08-13               232.886       48
   153   2025-08-14               232.337       48
   154   2025-08-15               231.149       48
   155   2025-08-18               230.451       48
   156   2025-08-19               230.121       47
   157   2025-08-20               225.580       42
   158   2025-08-21               224.472       33
   159   2025-08-22               227.327       30
   160   2025-08-25               226.728       26
   161   2025-08-26               228.874       27
   162   2025-08-27               230.052       33
   163   2025-08-28               232.118       42
   164   2025-08-29               231.698       47
   165   2025-09-02               229.283       46
   166   2025-09-03               238.016       48
   167   2025-09-04               239.324       48
   168   2025-09-05               239.234       48
   169   2025-09-08               237.427       48
   170   2025-09-09               233.904       46
   171   2025-09-10               226.359       28
   172   2025-09-11               229.592       18
   173   2025-09-12               233.625       18
   174   2025-09-15               236.250       27
   175   2025-09-16               237.697       36
   176   2025-09-17               238.535       42
   177   2025-09-18               237.427       47
   178   2025-09-19               245.033       48
   179   2025-09-22               255.593       48
   180   2025-09-23               253.946       48
   181   2025-09-24               251.830       48
   182   2025-09-25               256.381       48
   183   2025-09-26               254.974       48
   184   2025-09-29               253.946       48
   185   2025-09-30               254.146       48
   186   2025-10-01               254.964       46
   187   2025-10-02               256.641       48
   188   2025-10-03               257.529       48
   189   2025-10-06               256.202       47
   190   2025-10-07               255.992       48
   191   2025-10-08               257.569       48
   192   2025-10-09               253.557       42
   193   2025-10-10               244.803       13
   194   2025-10-13               247.189        5
   195   2025-10-14               247.299        1
   196   2025-10-15               248.866        0
   197   2025-10-16               246.979        0
   198   2025-10-17               251.810        2
   199   2025-10-20               261.741       28
   200   2025-10-21               262.270       43
   201   2025-10-22               257.958       48
   202   2025-10-23               259.086       48
   203   2025-10-24               262.320       48
   204   2025-10-27               268.299       48
   205   2025-10-28               268.488       48
   206   2025-10-29               269.187       48
   207   2025-10-30               270.884       48
   208   2025-10-31               269.856       48
   209   2025-11-03               268.538       48
   210   2025-11-04               269.526       48
   211   2025-11-05               269.626       47
   212   2025-11-06               269.257       45
   213   2025-11-07               267.959       36
   214   2025-11-10               269.178       35
   215   2025-11-11               274.993       48
   216   2025-11-12               273.214       48
   217   2025-11-13               272.695       48
   218   2025-11-14               272.155       48
   219   2025-11-17               267.210       35
   220   2025-11-18               267.190       20
   221   2025-11-19               268.309       10
   222   2025-11-20               266.001        1
   223   2025-11-21               271.236        8
   224   2025-11-24               275.662       30
   225   2025-11-25               276.711       46
   226   2025-11-26               277.291       48
   227   2025-11-28               278.589       48
   228   2025-12-01               282.835       48
   229   2025-12-02               285.922       48
   230   2025-12-03               283.884       48
   231   2025-12-04               280.438       48
   232   2025-12-05               278.519       45
   233   2025-12-08               277.630       40
   234   2025-12-09               276.921       32
   235   2025-12-10               278.519       28
   236   2025-12-11               277.770       24
   237   2025-12-12               278.020       22
   238   2025-12-15               273.854       10
   239   2025-12-16               274.353        5
   240   2025-12-17               271.586        0
   241   2025-12-18               271.936        0
   242   2025-12-19               273.414        0
   243   2025-12-22               270.717        0
   244   2025-12-23               272.105        0
   245   2025-12-24               273.554        2
   246   2025-12-26               273.144        4
   247   2025-12-29               273.504       10
   248   2025-12-30               272.825       11
   249   2025-12-31               271.606       11
   250   2026-01-02               270.757        5
   251   2026-01-05               267.010        0
   252   2026-01-06               262.115        0
   253   2026-01-07               260.087        0
   254   2026-01-08               258.798        0
   255   2026-01-09               259.128        0
   256   2026-01-12               260.007        0
   257   2026-01-13               260.806        0
   258   2026-01-14               259.717        0
   259   2026-01-15               257.969        0
   260   2026-01-16               255.291        0
   261   2026-01-20               246.469        0
   262   2026-01-21               247.418        0
   263   2026-01-22               248.118        0
   264   2026-01-23               247.808        0
   265   2026-01-26               255.171        3
   266   2026-01-27               258.029       12
   267   2026-01-28               256.200       19
   268   2026-01-29               258.039       31
   269   2026-01-30               259.237       40
   270   2026-02-02               269.758       48
   271   2026-02-03               269.228       48
   272   2026-02-04               276.232       48
   273   2026-02-05               275.652       48
   274   2026-02-06               277.860       48
   275   2026-02-09               274.620       48
   276   2026-02-10               273.680       48
   277   2026-02-11               275.500       48
   278   2026-02-12               261.730       33
   279   2026-02-13               255.780       18
   280   2026-02-17               263.880       11
   281   2026-02-18               264.350        9
   282   2026-02-19               260.580        2
   283   2026-02-20               264.580        2
   284   2026-02-23               266.180        6
   285   2026-02-24               272.140       28
   286   2026-02-25               274.230       40
   287   2026-02-26               272.950       46
   288   2026-02-27               264.180       36
   289   2026-03-02               264.720       27
   290   2026-03-03               263.750       15
   291   2026-03-04               262.520        5
   292   2026-03-05               260.290        0
   293   2026-03-06               257.460        0
   294   2026-03-09               259.880        0
   295   2026-03-10               260.830        0
   296   2026-03-11               260.810        0
   297   2026-03-12               255.760        0
   298   2026-03-13               250.120        0
   299   2026-03-16               252.820        0
   300   2026-03-17               254.230        0
   301   2026-03-18               249.940        0
   302   2026-03-19               248.960        0
   303   2026-03-20               247.990        0
   304   2026-03-23               251.490        1
   305   2026-03-24               251.640        2
   306   2026-03-25               252.620        6
   307   2026-03-26               252.890       12
   308   2026-03-27               295.605       48
